193.76404956603943 273.58691234650905 782.0 20.48796181813711 11.0 5.115789213598083 682.0 1.0 1 
171.34912607716691 203.2000747302795 687.2996414574812 67.86615576759843 17.0 4.968287429904135 578.0 1.0 1 
180.60670597816608 239.0226054878337 782.0 79.17986046716618 11.0 5.000585071009707 671.0 -1.0 1 
165.50549748908492 136.2437682214347 492.79431238514223 193.4813968291125 17.0 4.572077984282322 391.0 -1.0 1 
173.3630718012611 100.10371936571457 418.98158564117807 17.999999999999957 11.0 4.992792996670945 308.0 1.0 1 
165.88307265163812 63.99333954331801 530.7908672078087 82.03174095714829 17.0 4.658776645244133 425.0 1.0 1 
167.91003822074913 27.049522560813035 620.7294748208017 17.999999999999964 11.0 4.710563807039106 506.0 1.0 1 
54.65335515232674 394.51468678893195 575.3344683096184 582.0 11.0 4.378919473927564 594.0 1.0 1 
43.15021036725429 429.67579798659995 511.1302513320943 582.0 11.0 4.414096971925773 517.0 1.0 1 
79.22656993968651 563.0810814467034 625.9197064374684 46.98312216154511 17.0 5.4572688371818945 816.0 1.0 1 
96.9313907545714 582.0 569.3425326142776 140.47027902482893 17.0 5.461961611293365 714.0 1.0 1 
54.14651552654427 535.8785375270475 619.076108611646 18.000000000000227 11.0 5.4249471368811175 825.0 1.0 1 
71.77529244591791 554.8679466752327 394.34791894641864 18.000000000000114 11.0 5.736120179656486 671.0 1.0 1 
40.98391583433808 534.3836929873772 577.209569527311 40.02896436371378 17.0 5.456358036435512 782.0 1.0 1 
34.21011757660727 527.0273607804152 592.2920015486102 18.0 11.0 5.456919606366392 825.0 -1.0 1 
18.0 508.7411784526102 663.8833959219087 335.9494682225422 17.0 4.974430926077418 731.0 1.0 1 
29.126793161245804 544.0121885623171 538.6732678891618 343.04988859906393 17.0 5.089168979122537 629.0 1.0 1 
42.99568234082333 578.3137335119251 782.0 387.23478429465445 11.0 4.964378082043922 814.0 1.0 1 
43.95607688914126 582.0 389.8888458948077 18.740539836388507 11.0 5.73152374333262 715.0 1.0 1 
18.0 565.9498635046024 314.28581438724706 18.0 11.0 5.759025337117913 671.0 1.0 1 
50.142065958856165 582.0 373.817667266498 217.38661390837746 17.0 5.557751377013757 544.0 1.0 1 
24.013712663615653 555.8397521953308 314.5247061709087 315.09490414983 17.0 5.404517817705872 357.0 1.0 0 
727.4609781237637 110.9389607942981 515.6905472953456 165.30832997280237 17.0 1.8221058598790507 272.0 1.0 1 
733.9886794901306 147.31658721750384 515.6905472953456 165.30832997280234 17.0 1.653028684575391 272.0 1.0 1 
734.4785833119215 185.28279869162913 528.1241757768514 213.73771034034252 17.0 1.7078255728124851 272.0 1.0 1 
734.7820891639193 243.05602763313837 516.1847230151118 165.1841371685336 17.0 7.5117636608669045 289.0 1.0 1 
700.7349645372601 307.31073576689107 499.4058592829651 212.28477126042293 17.0 7.412989450513935 289.0 1.0 1 
640.112919485234 378.2019491556561 487.8162983065002 205.61132282846685 17.0 7.006199759840016 289.0 1.0 1 
155.8874906541042 393.8834207363464 653.8534452222061 368.18118369004094 17.0 4.76395766535205 561.0 1.0 1 
156.3418066704802 319.91684858908724 651.07587166308 318.2583924507318 17.0 4.715741185222654 561.0 1.0 1 
165.13332678987885 240.65028948374535 659.0207952106003 318.8829345724806 17.0 4.555292450240741 561.0 1.0 1 
715.6015850047897 223.96621425209716 472.72182540875684 333.14434456801735 17.0 1.9932469738316299 323.0 1.0 1 
728.6804904019185 258.54687819709073 375.11962054013077 311.377176521099 17.0 1.719122400661724 425.0 1.0 1 
733.3313083282784 332.31033046164777 405.37630404940484 318.1249986156437 17.0 7.810754681695916 391.0 1.0 1 
729.9200496182468 369.1342916895395 307.7740991807788 296.35783056872526 17.0 7.683263269853514 493.0 1.0 1 
711.3193025378838 440.6531313922313 338.03078269005283 303.1056526632702 17.0 7.50094376731505 459.0 1.0 1 
668.8488174338021 526.5271278665074 332.1746503979354 301.79962258045515 17.0 7.293411193158016 459.0 -1.0 1 
624.4620650881667 582.0 439.5370757534238 325.74350743206537 17.0 6.908287743413792 374.0 1.0 1 
676.8589864285401 535.761216418864 351.6950913716606 306.1530561898388 17.0 7.239153045294879 459.0 1.0 1 
121.61605350630818 469.43535554314315 510.18127954368293 156.17617760086023 17.0 5.390895706456652 561.0 1.0 1 
231.48547679596717 567.7329749430219 542.389084419267 102.03139664187671 17.0 5.694534995303458 612.0 1.0 1 
253.78079618687522 582.0 588.4002342415299 24.681709557614568 17.0 5.742464439266126 714.0 1.0 1 
256.13084564997155 294.49005681720433 218.3273021644725 276.2853469366292 18.200000000000003 1.4601181194879085 109.20000000000002 -1.0 1 
